[gd_scene load_steps=2 format=2]

[ext_resource path="res://3D/course/barriere petite.tscn" type="PackedScene" id=1]

[node name="barrieres virage serré" type="Spatial"]

[node name="barriere petite9" type="StaticBody" parent="." instance=ExtResource( 1 )]
transform = Transform( 0.180845, 0, -0.983512, 0, 1, 0, 0.983512, 0, 0.180845, -13.3312, 0, 1.68127 )

[node name="barriere petite10" type="StaticBody" parent="." instance=ExtResource( 1 )]
transform = Transform( 0.560003, 0, -0.828491, 0, 1, 0, 0.828491, 0, 0.560003, -12.0253, 0, 4.90264 )

[node name="barriere petite11" type="StaticBody" parent="." instance=ExtResource( 1 )]
transform = Transform( 0.82267, 0, -0.568519, 0, 1, 0, 0.568519, 0, 0.82267, -9.62664, 0, 7.35179 )

[node name="barriere petite12" type="StaticBody" parent="." instance=ExtResource( 1 )]
transform = Transform( 0.982261, 0, -0.187519, 0, 1, 0, 0.187519, 0, 0.982261, -6.3625, 0, 8.68781 )

[node name="barriere petite13" type="StaticBody" parent="." instance=ExtResource( 1 )]
transform = Transform( 0.180845, 0, 0.983512, 0, 1, 0, -0.983512, 0, 0.180845, 4.14915, 0, 1.68127 )

[node name="barriere petite14" type="StaticBody" parent="." instance=ExtResource( 1 )]
transform = Transform( 0.560003, 0, 0.828491, 0, 1, 0, -0.828491, 0, 0.560003, 2.81611, 0, 4.88408 )

[node name="barriere petite15" type="StaticBody" parent="." instance=ExtResource( 1 )]
transform = Transform( 0.82267, 0, 0.568519, 0, 1, 0, -0.568519, 0, 0.82267, 0.357998, 0, 7.33322 )

[node name="barriere petite16" type="StaticBody" parent="." instance=ExtResource( 1 )]
transform = Transform( 0.982261, 0, 0.187518, 0, 1, 0, -0.187518, 0, 0.982261, -2.88841, 0, 8.70638 )
