[gd_scene load_steps=3 format=2]

[ext_resource path="res://3D/course/barriere grande.tscn" type="PackedScene" id=1]
[ext_resource path="res://3D/course/barriere petite.tscn" type="PackedScene" id=2]

[node name="barriere virage smooth" type="Spatial"]

[node name="barriere grande" type="StaticBody" parent="." instance=ExtResource( 1 )]
transform = Transform( 0.178081, 0, 0.984016, 0, 1, 0, -0.984016, 0, 0.178081, 3.7703, 0, 3.68646 )

[node name="barriere grande2" type="StaticBody" parent="." instance=ExtResource( 1 )]
transform = Transform( 0.49708, 0, 0.867705, 0, 1, 0, -0.867705, 0, 0.49708, 1.32508, 0, 10.3407 )

[node name="barriere grande3" type="StaticBody" parent="." instance=ExtResource( 1 )]
transform = Transform( 0.760995, 0, 0.648758, 0, 1, 0, -0.648758, 0, 0.760995, -3.1518, 0, 15.6649 )

[node name="barriere grande4" type="StaticBody" parent="." instance=ExtResource( 1 )]
transform = Transform( 0.935801, 0, 0.352528, 0, 1, 0, -0.352528, 0, 0.935801, -9.25014, 0, 19.2356 )

[node name="barriere grande5" type="StaticBody" parent="." instance=ExtResource( 1 )]
transform = Transform( 0.178081, 0, -0.984016, 0, 1, 0, 0.984016, 0, 0.178081, -36.5589, 0, 3.68646 )

[node name="barriere grande6" type="StaticBody" parent="." instance=ExtResource( 1 )]
transform = Transform( 0.49708, 0, -0.867705, 0, 1, 0, 0.867705, 0, 0.49708, -34.1061, 0, 10.3407 )

[node name="barriere grande7" type="StaticBody" parent="." instance=ExtResource( 1 )]
transform = Transform( 0.760995, 0, -0.648758, 0, 1, 0, 0.648758, 0, 0.760995, -29.6489, 0, 15.7112 )

[node name="barriere grande8" type="StaticBody" parent="." instance=ExtResource( 1 )]
transform = Transform( 0.935801, 0, -0.352528, 0, 1, 0, 0.352528, 0, 0.935801, -23.5382, 0, 19.2609 )

[node name="barriere grande9" type="StaticBody" parent="." instance=ExtResource( 1 )]
transform = Transform( 1, 0, 0, 0, 1, 0, 0, 0, 1, -16.4431, 0, 20.5227 )

[node name="barriere petite" type="StaticBody" parent="." instance=ExtResource( 2 )]
transform = Transform( 0.972784, 0, -0.231714, 0, 1, 0, 0.231714, 0, 0.972784, -20.0196, 0, 11.6384 )

[node name="barriere petite3" type="StaticBody" parent="." instance=ExtResource( 2 )]
transform = Transform( 0.961727, 0, 0.27401, 0, 1, 0, -0.27401, 0, 0.961727, -12.8212, 0, 11.5639 )

[node name="barriere petite2" type="StaticBody" parent="." instance=ExtResource( 2 )]
transform = Transform( 1, 0, 0, 0, 1, 0, 0, 0, 1, -16.4254, 0, 12.1058 )

[node name="barriere grande10" type="StaticBody" parent="." instance=ExtResource( 1 )]
transform = Transform( 0.291203, 0, 0.956661, 0, 1, 0, -0.956661, 0, 0.291203, -4.90943, 0, 3.28873 )

[node name="barriere grande11" type="StaticBody" parent="." instance=ExtResource( 1 )]
transform = Transform( 0.750849, 0, 0.660474, 0, 1, 0, -0.660474, 0, 0.750849, -8.48369, 0, 8.89626 )

[node name="barriere grande12" type="StaticBody" parent="." instance=ExtResource( 1 )]
transform = Transform( 0.311589, 0, -0.950217, 0, 1, 0, 0.950217, 0, 0.311589, -28.0256, 0, 3.2589 )

[node name="barriere grande13" type="StaticBody" parent="." instance=ExtResource( 1 )]
transform = Transform( 0.737525, 0, -0.67532, 0, 1, 0, 0.67532, 0, 0.737525, -24.3867, 0, 8.87636 )
