[gd_scene load_steps=3 format=2]

[ext_resource path="res://3D/course/barriere grande.tscn" type="PackedScene" id=1]
[ext_resource path="res://3D/course/barriere petite.tscn" type="PackedScene" id=2]

[node name="barriere virage smooth" type="Spatial"]

[node name="barriere grande" type="StaticBody" parent="." instance=ExtResource( 1 )]
transform = Transform( 0.178081, 0, 0.984016, 0, 1, 0, -0.984016, 0, 0.178081, 3.7703, 0, 3.68646 )

[node name="barriere grande2" type="StaticBody" parent="." instance=ExtResource( 1 )]
transform = Transform( 0.468315, 0, 0.883562, 0, 1, 0, -0.883562, 0, 0.468315, 1.46711, 0, 10.388 )

[node name="barriere grande3" type="StaticBody" parent="." instance=ExtResource( 1 )]
transform = Transform( 0.747763, 0, 0.663966, 0, 1, 0, -0.663966, 0, 0.747763, -2.91508, 0, 15.8543 )

[node name="barriere grande4" type="StaticBody" parent="." instance=ExtResource( 1 )]
transform = Transform( 0.928628, 0, 0.371012, 0, 1, 0, -0.371012, 0, 0.928628, -9.01342, 0, 19.5197 )

[node name="barriere grande9" type="StaticBody" parent="." instance=ExtResource( 1 )]
transform = Transform( 0.913999, 0, 0.272683, 0, 1, 0, -0.259049, 0, 0.962104, -12.9871, 0, 12.0957 )

[node name="barriere petite2" type="StaticBody" parent="." instance=ExtResource( 2 )]
transform = Transform( 0.993397, 0, 0.114729, 0, 1, 0, -0.114729, 0, 0.993397, -14.295, 0, 21.0536 )

[node name="barriere grande10" type="StaticBody" parent="." instance=ExtResource( 1 )]
transform = Transform( 0.250967, 0, 0.964474, 0, 1, 0, -0.916251, 0, 0.264176, -4.67272, 0, 3.1467 )

[node name="barriere grande11" type="StaticBody" parent="." instance=ExtResource( 1 )]
transform = Transform( 0.656829, 0, 0.722473, 0, 1, 0, -0.686349, 0, 0.691399, -7.67886, 0, 8.75423 )
